p <- -12

ev <- -8

temp_p <- 118.7 - 4.22*((14.5  +(22.6 - 22.6)) - p ) 

temp_ev <- 118.7 - 4.22*((14.5  +(22.6 - 22.6)) - ev ) 


118.7 - 4.22*((11  +(22.6 - 22.6)) - p ) 
